              precision    recall  f1-score   support

           0     0.8313    0.8519    0.8415       324
           1     0.7162    0.7910    0.7518       134
           2     0.8255    0.7785    0.8013       316
           3     0.8816    0.7791    0.8272       172
           4     0.7157    0.7790    0.7460       181
           5     0.9894    0.8026    0.8863       233
           6     0.7679    0.8350    0.8000       206
           7     0.8616    0.8155    0.8379       336
           8     0.5929    0.8410    0.6955       239
           9     0.8052    0.7597    0.7818       283
          10     0.9176    0.7500    0.8254       208
          11     0.7246    0.7353    0.7299       136
          12     0.9389    0.7935    0.8601       155
          13     0.8157    0.7937    0.8045       223
          14     0.7986    0.8473    0.8222       131
          15     0.6183    0.8922    0.7304       167
          16     0.8829    0.8448    0.8634       232
          17     0.9178    0.8481    0.8816       158
          18     0.8328    0.7507    0.7896       345
          19     0.8209    0.7746    0.7971       142
          20     0.7834    0.8146    0.7987       151
          21     0.7231    0.8020    0.7605       293
          22     0.8256    0.7978    0.8114       178
          23     0.8255    0.8154    0.8204       325
          24     0.8972    0.7299    0.8050       311
          25     0.7311    0.8956    0.8051       249
          26     0.7143    0.8333    0.7692       240
          27     0.8912    0.7978    0.8419       267
          28     0.5735    0.7806    0.6612       155
          29     0.7729    0.7224    0.7468       245
          30     0.6866    0.7340    0.7095       203
          31     0.8667    0.7708    0.8159       253
          32     0.6975    0.8300    0.7580       200
          33     0.8509    0.8726    0.8616       157
          34     0.8806    0.8389    0.8592       211
          35     0.7483    0.7333    0.7407       300
          36     0.8190    0.7724    0.7950       246
          37     0.7848    0.9688    0.8671       128
          38     0.8528    0.8041    0.8277       245
          39     0.8195    0.7622    0.7899       143
          40     0.7553    0.8659    0.8068       164
          41     0.7931    0.7718    0.7823       149
          42     0.7379    0.8168    0.7754       131
          43     0.7846    0.7612    0.7727       134
          44     0.8442    0.8442    0.8442       154
          45     0.9483    0.9167    0.9322       120
          46     0.9167    0.8000    0.8544       220
          47     0.8728    0.8728    0.8728       173
          48     0.8229    0.8090    0.8159       356
          49     0.9091    0.8197    0.8621       122
          50     0.7238    0.8675    0.7892       151
          51     0.8966    0.9873    0.9398       158
          52     0.9003    0.9110    0.9056       337
          53     0.8077    0.8077    0.8077       208
          54     0.7315    0.8195    0.7730       133
          55     0.9155    0.7303    0.8125       267
          56     0.6863    0.8678    0.7664       121
          57     0.8974    0.8454    0.8706       207
          58     0.8241    0.8558    0.8396       208
          59     0.7143    0.8462    0.7746       130
          60     0.7689    0.7628    0.7659       253
          61     0.8054    0.7563    0.7801       197
          62     0.7121    0.8174    0.7611       230
          63     0.9935    0.8063    0.8902       382
          64     0.7500    0.8049    0.7765       246
          65     0.9603    0.7754    0.8580       187
          66     0.7051    0.7746    0.7383       142
          67     0.8296    0.8150    0.8222       227
          68     0.8367    0.8601    0.8483       143
          69     0.7953    0.7537    0.7739       268
          70     0.7753    0.7992    0.7871       259
          71     0.8788    0.8365    0.8571       208
          72     0.9434    0.8333    0.8850       120
          73     0.8866    0.7227    0.7963       238
          74     0.9847    1.0000    0.9923       129
          75     0.7607    0.7515    0.7561       330
          76     0.8418    0.7801    0.8098       191
          77     0.7883    0.7826    0.7855       276
          78     0.8012    0.8012    0.8012       322
          79     0.7576    0.7426    0.7500       202
          80     0.8256    0.7553    0.7889       188
          81     0.8779    0.7931    0.8333       145
          82     0.7430    0.7964    0.7688       167
          83     0.7383    0.8594    0.7942       256
          84     0.6259    0.7676    0.6896       327
          85     0.8235    0.8615    0.8421       130
          86     0.8614    0.7688    0.8125       372
          87     0.8587    0.7596    0.8061       208
          88     0.7566    0.7814    0.7688       183
          89     0.8514    0.8054    0.8278       185
          90     0.9171    0.8469    0.8806       209
          91     0.7937    0.7634    0.7782       262
          92     0.8906    0.8636    0.8769       132
          93     0.7244    0.8534    0.7837       191
          94     0.8534    0.7557    0.8016       262
          95     0.6915    0.8553    0.7647       152
          96     0.8551    0.8429    0.8489       140
          97     0.8544    0.7825    0.8168       285
          98     0.7014    0.8659    0.7750       179
          99     0.8227    0.7229    0.7696       231

    accuracy                         0.8045     21218
   macro avg     0.8112    0.8103    0.8078     21218
weighted avg     0.8135    0.8045    0.8061     21218
