              precision    recall  f1-score   support

           0     0.6821    0.7284    0.7045       324
           1     0.7101    0.7313    0.7206       134
           2     0.6748    0.6962    0.6854       316
           3     0.6957    0.7442    0.7191       172
           4     0.7457    0.7127    0.7288       181
           5     0.7668    0.7339    0.7500       233
           6     0.7340    0.6699    0.7005       206
           7     0.7225    0.7440    0.7331       336
           8     0.7467    0.7155    0.7308       239
           9     0.6585    0.6678    0.6632       283
          10     0.7374    0.7019    0.7192       208
          11     0.7302    0.6765    0.7023       136
          12     0.6821    0.6645    0.6732       155
          13     0.7534    0.7399    0.7466       223
          14     0.7724    0.7252    0.7480       131
          15     0.7325    0.6886    0.7099       167
          16     0.7500    0.8017    0.7750       232
          17     0.7794    0.6709    0.7211       158
          18     0.7413    0.6812    0.7100       345
          19     0.6750    0.7606    0.7152       142
          20     0.6271    0.7351    0.6768       151
          21     0.7124    0.7270    0.7196       293
          22     0.7647    0.7303    0.7471       178
          23     0.7415    0.7415    0.7415       325
          24     0.6657    0.7042    0.6844       311
          25     0.6850    0.7510    0.7165       249
          26     0.7436    0.7250    0.7342       240
          27     0.6823    0.7079    0.6949       267
          28     0.7931    0.7419    0.7667       155
          29     0.6904    0.6735    0.6818       245
          30     0.6898    0.6355    0.6615       203
          31     0.7637    0.7154    0.7388       253
          32     0.6535    0.6600    0.6567       200
          33     0.7622    0.6943    0.7267       157
          34     0.6889    0.7346    0.7110       211
          35     0.6824    0.6733    0.6779       300
          36     0.7522    0.6911    0.7203       246
          37     0.8235    0.8750    0.8485       128
          38     0.7682    0.7306    0.7490       245
          39     0.7355    0.6224    0.6742       143
          40     0.7000    0.7683    0.7326       164
          41     0.7163    0.6779    0.6966       149
          42     0.6992    0.7099    0.7045       131
          43     0.6087    0.6269    0.6176       134
          44     0.7143    0.7143    0.7143       154
          45     0.7759    0.7500    0.7627       120
          46     0.6757    0.6818    0.6787       220
          47     0.7143    0.7803    0.7459       173
          48     0.7688    0.7472    0.7578       356
          49     0.7455    0.6721    0.7069       122
          50     0.5912    0.7086    0.6446       151
          51     0.8068    0.8987    0.8503       158
          52     0.7940    0.8694    0.8300       337
          53     0.7476    0.7404    0.7440       208
          54     0.6978    0.7293    0.7132       133
          55     0.7469    0.6854    0.7148       267
          56     0.6794    0.7355    0.7063       121
          57     0.7465    0.7681    0.7571       207
          58     0.7500    0.7500    0.7500       208
          59     0.7419    0.7077    0.7244       130
          60     0.6790    0.6522    0.6653       253
          61     0.6954    0.6954    0.6954       197
          62     0.7043    0.7043    0.7043       230
          63     0.6939    0.7120    0.7028       382
          64     0.7177    0.7236    0.7206       246
          65     0.7277    0.7433    0.7354       187
          66     0.6712    0.6901    0.6806       142
          67     0.7071    0.7445    0.7253       227
          68     0.6471    0.6923    0.6689       143
          69     0.7007    0.7164    0.7085       268
          70     0.6753    0.7066    0.6906       259
          71     0.7290    0.7500    0.7393       208
          72     0.7167    0.7167    0.7167       120
          73     0.7117    0.6639    0.6870       238
          74     0.7551    0.8605    0.8043       129
          75     0.7197    0.6848    0.7019       330
          76     0.7318    0.6859    0.7081       191
          77     0.7000    0.6594    0.6791       276
          78     0.7722    0.7578    0.7649       322
          79     0.7113    0.6832    0.6970       202
          80     0.6275    0.6809    0.6531       188
          81     0.6879    0.6690    0.6783       145
          82     0.6503    0.7126    0.6800       167
          83     0.7050    0.7656    0.7341       256
          84     0.6803    0.6636    0.6718       327
          85     0.7692    0.7692    0.7692       130
          86     0.7371    0.6935    0.7147       372
          87     0.7872    0.7115    0.7475       208
          88     0.7548    0.6393    0.6923       183
          89     0.7114    0.7730    0.7409       185
          90     0.7198    0.7129    0.7163       209
          91     0.7565    0.6641    0.7073       262
          92     0.6528    0.7121    0.6812       132
          93     0.6583    0.6859    0.6718       191
          94     0.7364    0.7252    0.7308       262
          95     0.7324    0.6842    0.7075       152
          96     0.6842    0.7429    0.7123       140
          97     0.6923    0.7263    0.7089       285
          98     0.6788    0.7318    0.7043       179
          99     0.6622    0.6450    0.6535       231

    accuracy                         0.7151     21218
   macro avg     0.7159    0.7160    0.7151     21218
weighted avg     0.7164    0.7151    0.7150     21218
